4648
353  1.188e-302
354  3.29e-294
355  4.998e-286
356  4.253e-278
357  2.067e-270
358  5.846e-263
359  9.801e-256
360  9.909e-249
361  6.145e-242
362  2.376e-235
363  5.818e-229
364  9.16e-223
365  9.408e-217
366  6.393e-211
367  2.913e-205
368  9.02e-200
369  1.921e-194
370  2.85e-189
371  2.547e-184
372  2.046e-179
373  1.124e-174
374  4.442e-170
375  1.285e-165
376  2.754e-161
377  4.421e-157
378  5.365e-153
379  4.968e-149
380  3.54e-145
381  1.957e-141
382  8.465e-138
383  2.886e-134
384  7.816e-131
385  1.693e-127
386  2.954e-124
387  4.18e-121
388  4.827e-118
389  4.577e-115
390  3.587e-112
391  2.336e-109
392  1.271e-106
393  5.814e-104
394  2.247e-101
395  7.37e-99
396  2.063e-96
397  4.952e-94
398  1.024e-91
399  1.831e-89
400  2.846e-87
401  3.86e-85
402  4.586e-83
403  4.792e-81
404  4.421e-79
405  3.614e-77
406  2.627e-75
407  1.704e-73
408  9.897e-72
409  5.162e-70
410  2.426e-68
411  1.03e-66
412  3.965e-65
413  1.387e-63
414  4.422e-62
415  1.288e-60
416  3.439e-59
417  8.431e-58
418  1.903e-56
419  3.964e-55
420  7.636e-54
421  1.364e-52
422  2.262e-51
423  3.494e-50
424  5.032e-49
425  6.774e-48
426  8.538e-47
427  1.009e-45
428  1.121e-44
429  1.173e-43
430  1.156e-42
431  1.077e-41
432  9.482e-41
433  7.911e-40
434  6.262e-39
435  4.709e-38
436  3.369e-37
437  2.296e-36
438  1.493e-35
439  9.272e-35
440  5.506e-34
441  3.131e-33
442  1.706e-32
443  8.925e-32
444  4.484e-31
445  2.167e-30
446  1.008e-29
447  4.519e-29
448  1.954e-28
449  8.159e-28
450  3.292e-27
451  1.285e-26
452  4.854e-26
453  1.777e-25
454  6.308e-25
455  2.173e-24
456  7.272e-24
457  2.365e-23
458  7.48e-23
459  2.303e-22
460  6.906e-22
461  2.018e-21
462  5.754e-21
463  1.601e-20
464  4.348e-20
465  1.154e-19
466  2.995e-19
467  7.602e-19
468  1.889e-18
469  4.595e-18
470  1.095e-17
471  2.559e-17
472  5.865e-17
473  1.319e-16
474  2.911e-16
475  6.311e-16
476  1.344e-15
477  2.814e-15
478  5.794e-15
479  1.174e-14
480  2.339e-14
481  4.591e-14
482  8.873e-14
483  1.69e-13
484  3.171e-13
485  5.869e-13
486  1.071e-12
487  1.928e-12
488  3.427e-12
489  6.012e-12
490  1.041e-11
491  1.782e-11
492  3.013e-11
493  5.034e-11
494  8.317e-11
495  1.359e-10
496  2.195e-10
497  3.51e-10
498  5.553e-10
499  8.696e-10
500  1.348e-09
501  2.07e-09
502  3.149e-09
503  4.745e-09
504  7.086e-09
505  1.049e-08
506  1.539e-08
507  2.239e-08
508  3.231e-08
509  4.624e-08
510  6.565e-08
511  9.251e-08
512  1.294e-07
513  1.796e-07
514  2.474e-07
515  3.386e-07
516  4.601e-07
517  6.211e-07
518  8.328e-07
519  1.11e-06
520  1.469e-06
521  1.933e-06
522  2.528e-06
523  3.287e-06
524  4.248e-06
525  5.461e-06
526  6.981e-06
527  8.877e-06
528  1.123e-05
529  1.413e-05
530  1.769e-05
531  2.204e-05
532  2.733e-05
533  3.373e-05
534  4.143e-05
535  5.067e-05
536  6.17e-05
537  7.481e-05
538  9.032e-05
539  0.0001086
540  0.0001301
541  0.0001552
542  0.0001844
543  0.0002183
544  0.0002575
545  0.0003027
546  0.0003545
547  0.0004138
548  0.0004814
549  0.0005583
550  0.0006453
551  0.0007435
552  0.0008541
553  0.0009782
554  0.001117
555  0.001272
556  0.001444
557  0.001635
558  0.001847
559  0.00208
560  0.002337
561  0.002618
562  0.002927
563  0.003264
564  0.003631
565  0.00403
566  0.004462
567  0.00493
568  0.005435
569  0.005979
570  0.006564
571  0.007191
572  0.007862
573  0.008579
574  0.009343
575  0.01016
576  0.01102
577  0.01193
578  0.0129
579  0.01392
580  0.015
581  0.01614
582  0.01733
583  0.01858
584  0.01989
585  0.02126
586  0.02269
587  0.02419
588  0.02574
589  0.02736
590  0.02904
591  0.03078
592  0.03259
593  0.03445
594  0.03639
595  0.03838
596  0.04044
597  0.04256
598  0.04474
599  0.04699
600  0.0493
601  0.05167
602  0.0541
603  0.05659
604  0.05915
605  0.06176
606  0.06444
607  0.06718
608  0.06997
609  0.07283
610  0.07574
611  0.07872
612  0.08175
613  0.08484
614  0.088
615  0.09121
616  0.09447
617  0.0978
618  0.1012
619  0.1046
620  0.1081
621  0.1117
622  0.1153
623  0.119
624  0.1227
625  0.1265
626  0.1304
627  0.1343
628  0.1383
629  0.1423
630  0.1464
631  0.1506
632  0.1548
633  0.1591
634  0.1634
635  0.1678
636  0.1723
637  0.1768
638  0.1814
639  0.1861
640  0.1909
641  0.1957
642  0.2005
643  0.2055
644  0.2105
645  0.2156
646  0.2207
647  0.2259
648  0.2312
649  0.2366
650  0.242
651  0.2475
652  0.2531
653  0.2588
654  0.2645
655  0.2703
656  0.2762
657  0.2822
658  0.2882
659  0.2943
660  0.3005
661  0.3068
662  0.3131
663  0.3195
664  0.326
665  0.3326
666  0.3393
667  0.346
668  0.3528
669  0.3597
670  0.3667
671  0.3737
672  0.3808
673  0.388
674  0.3953
675  0.4026
676  0.41
677  0.4175
678  0.425
679  0.4327
680  0.4404
681  0.4481
682  0.4559
683  0.4638
684  0.4718
685  0.4798
686  0.4879
687  0.496
688  0.5042
689  0.5124
690  0.5207
691  0.529
692  0.5374
693  0.5458
694  0.5542
695  0.5627
696  0.5713
697  0.5798
698  0.5884
699  0.597
700  0.6056
701  0.6143
702  0.6229
703  0.6316
704  0.6403
705  0.649
706  0.6577
707  0.6664
708  0.6751
709  0.6807
710  0.6892
711  0.6976
712  0.7058
713  0.7138
714  0.7217
715  0.7294
716  0.7369
717  0.7442
718  0.7514
719  0.7584
720  0.7652
721  0.7718
722  0.7783
723  0.7845
724  0.7906
725  0.7966
726  0.8023
727  0.8079
728  0.8133
729  0.8185
730  0.8236
731  0.8285
732  0.8332
733  0.8377
734  0.8421
735  0.8463
736  0.8504
737  0.8542
738  0.8579
739  0.8615
740  0.8649
741  0.8681
742  0.8711
743  0.874
744  0.8768
745  0.8794
746  0.8818
747  0.8841
748  0.8863
749  0.8883
750  0.8901
751  0.8918
752  0.8934
753  0.8948
754  0.8961
755  0.8973
756  0.8983
757  0.8993
758  0.9
759  0.9007
760  0.9012
761  0.9016
762  0.9019
763  0.9021
764  0.9022
765  0.9022
766  0.902
767  0.9018
768  0.9014
769  0.901
770  0.9004
771  0.8998
772  0.8991
773  0.8983
774  0.8974
775  0.8964
776  0.8953
777  0.8941
778  0.8929
779  0.8916
780  0.8902
781  0.8888
782  0.8873
783  0.8857
784  0.884
785  0.8823
786  0.8806
787  0.8787
788  0.8768
789  0.8749
790  0.8729
791  0.8709
792  0.8688
793  0.8667
794  0.8645
795  0.8623
796  0.8601
797  0.8578
798  0.8554
799  0.8531
800  0.8507
801  0.8483
802  0.8458
803  0.8433
804  0.8408
805  0.8383
806  0.8358
807  0.8332
808  0.8306
809  0.828
810  0.8253
811  0.8227
812  0.82
813  0.8173
814  0.8146
815  0.8119
816  0.8092
817  0.8065
818  0.8037
819  0.801
820  0.7983
821  0.7955
822  0.7927
823  0.79
824  0.7872
825  0.7844
826  0.7817
827  0.7789
828  0.7761
829  0.7733
830  0.7706
831  0.7678
832  0.765
833  0.7623
834  0.7595
835  0.7568
836  0.754
837  0.7513
838  0.7485
839  0.7458
840  0.7431
841  0.7404
842  0.7377
843  0.735
844  0.7323
845  0.7296
846  0.7269
847  0.7243
848  0.7216
849  0.719
850  0.7164
851  0.7137
852  0.7111
853  0.7086
854  0.706
855  0.7034
856  0.7008
857  0.6983
858  0.6958
859  0.6933
860  0.6907
861  0.6883
862  0.6858
863  0.6833
864  0.6809
865  0.6784
866  0.676
867  0.6736
868  0.6712
869  0.6688
870  0.6665
871  0.6641
872  0.6618
873  0.6594
874  0.6571
875  0.6548
876  0.6526
877  0.6503
878  0.6481
879  0.6458
880  0.6436
881  0.6414
882  0.6392
883  0.637
884  0.6349
885  0.6327
886  0.6306
887  0.6285
888  0.6264
889  0.6243
890  0.6223
891  0.6202
892  0.6182
893  0.6161
894  0.6141
895  0.6121
896  0.6101
897  0.6082
898  0.6062
899  0.6043
900  0.6024
901  0.6005
902  0.5986
903  0.5967
904  0.5948
905  0.593
906  0.5911
907  0.5893
908  0.5875
909  0.5857
910  0.5839
911  0.5821
912  0.5804
913  0.5786
914  0.5769
915  0.5752
916  0.5735
917  0.5718
918  0.5701
919  0.5685
920  0.5668
921  0.5652
922  0.5636
923  0.5619
924  0.5603
925  0.5588
926  0.5572
927  0.5556
928  0.5541
929  0.5525
930  0.551
931  0.5495
932  0.548
933  0.5465
934  0.545
935  0.5436
936  0.5421
937  0.5407
938  0.5392
939  0.5378
940  0.5364
941  0.535
942  0.5336
943  0.5323
944  0.5309
945  0.5296
946  0.5282
947  0.5269
948  0.5256
949  0.5243
950  0.523
951  0.5217
952  0.5204
953  0.5191
954  0.5179
955  0.5166
956  0.5154
957  0.5141
958  0.5129
959  0.5117
960  0.5105
961  0.5093
962  0.5082
963  0.507
964  0.5058
965  0.5047
966  0.5035
967  0.5024
968  0.5013
969  0.5002
970  0.4991
971  0.498
972  0.4969
973  0.4958
974  0.4947
975  0.4937
976  0.4926
977  0.4916
978  0.4905
979  0.4895
980  0.4885
981  0.4875
982  0.4865
983  0.4855
984  0.4845
985  0.4835
986  0.4825
987  0.4816
988  0.4806
989  0.4797
990  0.4787
991  0.4778
992  0.4769
993  0.476
994  0.4751
995  0.4742
996  0.4733
997  0.4724
998  0.4715
999  0.4706
1000  0.4697
1001  0.4689
1002  0.468
1003  0.4672
1004  0.4663
1005  0.4655
1006  0.4647
1007  0.4639
1008  0.4631
1009  0.4623
1010  0.4615
1011  0.4607
1012  0.4599
1013  0.4591
1014  0.4583
1015  0.4575
1016  0.4568
1017  0.456
1018  0.4553
1019  0.4545
1020  0.4538
1021  0.4531
1022  0.4523
1023  0.4516
1024  0.4509
1025  0.4502
1026  0.4495
1027  0.4488
1028  0.4481
1029  0.4474
1030  0.4467
1031  0.4461
1032  0.4454
1033  0.4447
1034  0.4441
1035  0.4434
1036  0.4428
1037  0.4421
1038  0.4415
1039  0.4408
1040  0.4402
1041  0.4396
1042  0.439
1043  0.4384
1044  0.4378
1045  0.4372
1046  0.4366
1047  0.436
1048  0.4354
1049  0.4348
1050  0.4342
1051  0.4336
1052  0.4331
1053  0.4325
1054  0.4319
1055  0.4314
1056  0.4308
1057  0.4303
1058  0.4297
1059  0.4292
1060  0.4287
1061  0.4281
1062  0.4276
1063  0.4271
1064  0.4266
1065  0.4261
1066  0.4255
1067  0.425
1068  0.4245
1069  0.424
1070  0.4235
1071  0.4231
1072  0.4226
1073  0.4221
1074  0.4216
1075  0.4211
1076  0.4207
1077  0.4202
1078  0.4197
1079  0.4193
1080  0.4188
1081  0.4184
1082  0.4179
1083  0.4175
1084  0.417
1085  0.4166
1086  0.4162
1087  0.4158
1088  0.4153
1089  0.4149
1090  0.4145
1091  0.4141
1092  0.4137
1093  0.4132
1094  0.4128
1095  0.4124
1096  0.412
1097  0.4116
1098  0.4113
1099  0.4109
1100  0.4105
1101  0.4101
1102  0.4097
1103  0.4093
1104  0.409
1105  0.4086
1106  0.4082
1107  0.4079
1108  0.4075
1109  0.4072
1110  0.4068
1111  0.4064
1112  0.4061
1113  0.4058
1114  0.4054
1115  0.4051
1116  0.4047
1117  0.4044
1118  0.4041
1119  0.4037
1120  0.4034
1121  0.4031
1122  0.4028
1123  0.4024
1124  0.4021
1125  0.4018
1126  0.4015
1127  0.4012
1128  0.4009
1129  0.4006
1130  0.4003
1131  0.4
1132  0.3997
1133  0.3994
1134  0.3991
1135  0.3988
1136  0.3986
1137  0.3983
1138  0.398
1139  0.3977
1140  0.3974
1141  0.3972
1142  0.3969
1143  0.3966
1144  0.3964
1145  0.3961
1146  0.3959
1147  0.3956
1148  0.3953
1149  0.3951
1150  0.3948
1151  0.3946
1152  0.3943
1153  0.3941
1154  0.3939
1155  0.3936
1156  0.3934
1157  0.3931
1158  0.3929
1159  0.3927
1160  0.3924
1161  0.3922
1162  0.392
1163  0.3918
1164  0.3915
1165  0.3913
1166  0.3911
1167  0.3909
1168  0.3907
1169  0.3905
1170  0.3903
1171  0.3901
1172  0.3899
1173  0.3896
1174  0.3894
1175  0.3892
1176  0.3891
1177  0.3889
1178  0.3887
1179  0.3885
1180  0.3883
1181  0.3881
1182  0.3879
1183  0.3877
1184  0.3875
1185  0.3874
1186  0.3872
1187  0.387
1188  0.3868
1189  0.3867
1190  0.3865
1191  0.3863
1192  0.3861
1193  0.386
1194  0.3858
1195  0.3856
1196  0.3855
1197  0.3853
1198  0.3852
1199  0.385
1200  0.3849
1201  0.3847
1202  0.3846
1203  0.3844
1204  0.3843
1205  0.3841
1206  0.384
1207  0.3838
1208  0.3837
1209  0.3835
1210  0.3834
1211  0.3833
1212  0.3831
1213  0.383
1214  0.3828
1215  0.3827
1216  0.3826
1217  0.3825
1218  0.3823
1219  0.3822
1220  0.3821
1221  0.382
1222  0.3818
1223  0.3817
1224  0.3816
1225  0.3815
1226  0.3814
1227  0.3812
1228  0.3811
1229  0.381
1230  0.3809
1231  0.3808
1232  0.3807
1233  0.3806
1234  0.3805
1235  0.3804
1236  0.3803
1237  0.3802
1238  0.3801
1239  0.38
1240  0.3799
1241  0.3798
1242  0.3797
1243  0.3796
1244  0.3795
1245  0.3794
1246  0.3793
1247  0.3792
1248  0.3791
1249  0.3791
1250  0.379
1251  0.3789
1252  0.3788
1253  0.3787
1254  0.3786
1255  0.3786
1256  0.3785
1257  0.3784
1258  0.3783
1259  0.3783
1260  0.3782
1261  0.3781
1262  0.378
1263  0.378
1264  0.3779
1265  0.3778
1266  0.3778
1267  0.3777
1268  0.3776
1269  0.3776
1270  0.3775
1271  0.3775
1272  0.3774
1273  0.3773
1274  0.3773
1275  0.3772
1276  0.3772
1277  0.3771
1278  0.3771
1279  0.377
1280  0.377
1281  0.3769
1282  0.3769
1283  0.3768
1284  0.3768
1285  0.3767
1286  0.3767
1287  0.3766
1288  0.3766
1289  0.3765
1290  0.3765
1291  0.3764
1292  0.3764
1293  0.3764
1294  0.3763
1295  0.3763
1296  0.3763
1297  0.3762
1298  0.3762
1299  0.3762
1300  0.3761
1301  0.3761
1302  0.3761
1303  0.376
1304  0.376
1305  0.376
1306  0.3759
1307  0.3759
1308  0.3759
1309  0.3759
1310  0.3758
1311  0.3758
1312  0.3758
1313  0.3758
1314  0.3758
1315  0.3757
1316  0.3757
1317  0.3757
1318  0.3757
1319  0.3757
1320  0.3757
1321  0.3756
1322  0.3756
1323  0.3756
1324  0.3756
1325  0.3756
1326  0.3756
1327  0.3756
1328  0.3756
1329  0.3756
1330  0.3755
1331  0.3755
1332  0.3755
1333  0.3755
1334  0.3755
1335  0.3755
1336  0.3755
1337  0.3755
1338  0.3755
1339  0.3755
1340  0.3755
1341  0.3755
1342  0.3755
1343  0.3755
1344  0.3755
1345  0.3755
1346  0.3755
1347  0.3755
1348  0.3755
1349  0.3755
1350  0.3756
1351  0.3756
1352  0.3756
1353  0.3756
1354  0.3756
1355  0.3756
1356  0.3756
1357  0.3756
1358  0.3756
1359  0.3757
1360  0.3757
1361  0.3757
1362  0.3757
1363  0.3757
1364  0.3757
1365  0.3757
1366  0.3758
1367  0.3758
1368  0.3758
1369  0.3758
1370  0.3758
1371  0.3759
1372  0.3759
1373  0.3759
1374  0.3759
1375  0.376
1376  0.376
1377  0.376
1378  0.376
1379  0.3761
1380  0.3761
1381  0.3761
1382  0.3761
1383  0.3762
1384  0.3762
1385  0.3762
1386  0.3763
1387  0.3763
1388  0.3763
1389  0.3764
1390  0.3764
1391  0.3764
1392  0.3765
1393  0.3765
1394  0.3765
1395  0.3766
1396  0.3766
1397  0.3766
1398  0.3767
1399  0.3767
1400  0.3767
1401  0.3768
1402  0.3768
1403  0.3769
1404  0.3769
1405  0.3769
1406  0.377
1407  0.377
1408  0.3771
1409  0.3771
1410  0.3772
1411  0.3772
1412  0.3772
1413  0.3773
1414  0.3773
1415  0.3774
1416  0.3774
1417  0.3775
1418  0.3775
1419  0.3776
1420  0.3776
1421  0.3777
1422  0.3777
1423  0.3778
1424  0.3778
1425  0.3779
1426  0.3779
1427  0.378
1428  0.378
1429  0.3781
1430  0.3781
1431  0.3782
1432  0.3782
1433  0.3783
1434  0.3784
1435  0.3784
1436  0.3785
1437  0.3785
1438  0.3786
1439  0.3786
1440  0.3787
1441  0.3788
1442  0.3788
1443  0.3789
1444  0.3789
1445  0.379
1446  0.3791
1447  0.3791
1448  0.3792
1449  0.3792
1450  0.3793
1451  0.3794
1452  0.3794
1453  0.3795
1454  0.3796
1455  0.3796
1456  0.3797
1457  0.3798
1458  0.3798
1459  0.3799
1460  0.38
1461  0.38
1462  0.3801
1463  0.3802
1464  0.3802
1465  0.3803
1466  0.3804
1467  0.3804
1468  0.3805
1469  0.3806
1470  0.3806
1471  0.3807
1472  0.3808
1473  0.3809
1474  0.3809
1475  0.381
1476  0.3811
1477  0.3812
1478  0.3812
1479  0.3813
1480  0.3814
1481  0.3814
1482  0.3815
1483  0.3816
1484  0.3817
1485  0.3818
1486  0.3818
1487  0.3819
1488  0.382
1489  0.3821
1490  0.3821
1491  0.3822
1492  0.3823
1493  0.3824
1494  0.3825
1495  0.3825
1496  0.3826
1497  0.3827
1498  0.3828
1499  0.3829
1500  0.3829
1501  0.383
1502  0.3831
1503  0.3832
1504  0.3833
1505  0.3834
1506  0.3834
1507  0.3835
1508  0.3836
1509  0.3837
1510  0.3838
1511  0.3839
1512  0.384
1513  0.384
1514  0.3841
1515  0.3842
1516  0.3843
1517  0.3844
1518  0.3845
1519  0.3846
1520  0.3847
1521  0.3847
1522  0.3848
1523  0.3849
1524  0.385
1525  0.3851
1526  0.3852
1527  0.3853
1528  0.3854
1529  0.3855
1530  0.3856
1531  0.3856
1532  0.3857
1533  0.3858
1534  0.3859
1535  0.386
1536  0.3861
1537  0.3862
1538  0.3863
1539  0.3864
1540  0.3865
1541  0.3866
1542  0.3867
1543  0.3868
1544  0.3869
1545  0.387
1546  0.3871
1547  0.3872
1548  0.3873
1549  0.3873
1550  0.3874
1551  0.3875
1552  0.3876
1553  0.3877
1554  0.3878
1555  0.3879
1556  0.388
1557  0.3881
1558  0.3882
1559  0.3883
1560  0.3884
1561  0.3885
1562  0.3886
1563  0.3887
1564  0.3888
1565  0.3889
1566  0.389
1567  0.3891
1568  0.3892
1569  0.3893
1570  0.3894
1571  0.3895
1572  0.3897
1573  0.3898
1574  0.3899
1575  0.39
1576  0.3901
1577  0.3902
1578  0.3903
1579  0.3904
1580  0.3905
1581  0.3906
1582  0.3907
1583  0.3908
1584  0.3909
1585  0.391
1586  0.3911
1587  0.3912
1588  0.3913
1589  0.3914
1590  0.3915
1591  0.3917
1592  0.3918
1593  0.3919
1594  0.392
1595  0.3921
1596  0.3922
1597  0.3923
1598  0.3924
1599  0.3925
1600  0.3926
1601  0.3927
1602  0.3929
1603  0.393
1604  0.3931
1605  0.3932
1606  0.3933
1607  0.3934
1608  0.3935
1609  0.3936
1610  0.3937
1611  0.3938
1612  0.394
1613  0.3941
1614  0.3942
1615  0.3943
1616  0.3944
1617  0.3945
1618  0.3946
1619  0.3948
1620  0.3949
1621  0.395
1622  0.3951
1623  0.3952
1624  0.3953
1625  0.3954
1626  0.3956
1627  0.3957
1628  0.3958
1629  0.3959
1630  0.396
1631  0.3961
1632  0.3962
1633  0.3964
1634  0.3965
1635  0.3966
1636  0.3967
1637  0.3968
1638  0.3969
1639  0.3971
1640  0.3972
1641  0.3973
1642  0.3974
1643  0.3975
1644  0.3977
1645  0.3978
1646  0.3979
1647  0.398
1648  0.3981
1649  0.3982
1650  0.3984
1651  0.3985
1652  0.3986
1653  0.3987
1654  0.3988
1655  0.399
1656  0.3991
1657  0.3992
1658  0.3993
1659  0.3994
1660  0.3996
1661  0.3997
1662  0.3998
1663  0.3999
1664  0.4001
1665  0.4002
1666  0.4003
1667  0.4004
1668  0.4005
1669  0.4007
1670  0.4008
1671  0.4009
1672  0.401
1673  0.4012
1674  0.4013
1675  0.4014
1676  0.4015
1677  0.4017
1678  0.4018
1679  0.4019
1680  0.402
1681  0.4021
1682  0.4023
1683  0.4024
1684  0.4025
1685  0.4026
1686  0.4028
1687  0.4029
1688  0.403
1689  0.4032
1690  0.4033
1691  0.4034
1692  0.4035
1693  0.4037
1694  0.4038
1695  0.4039
1696  0.404
1697  0.4042
1698  0.4043
1699  0.4044
1700  0.4045
1701  0.4047
1702  0.4048
1703  0.4049
1704  0.4051
1705  0.4052
1706  0.4053
1707  0.4054
1708  0.4056
1709  0.4057
1710  0.4058
1711  0.406
1712  0.4061
1713  0.4062
1714  0.4063
1715  0.4065
1716  0.4066
1717  0.4067
1718  0.4069
1719  0.407
1720  0.4071
1721  0.4072
1722  0.4074
1723  0.4075
1724  0.4076
1725  0.4078
1726  0.4079
1727  0.408
1728  0.4082
1729  0.4083
1730  0.4084
1731  0.4086
1732  0.4087
1733  0.4088
1734  0.4089
1735  0.4091
1736  0.4092
1737  0.4093
1738  0.4095
1739  0.4096
1740  0.4097
1741  0.4099
1742  0.41
1743  0.4101
1744  0.4103
1745  0.4104
1746  0.4105
1747  0.4107
1748  0.4108
1749  0.4109
1750  0.4111
1751  0.4112
1752  0.4113
1753  0.4115
1754  0.4116
1755  0.4117
1756  0.4119
1757  0.412
1758  0.4121
1759  0.4123
1760  0.4124
1761  0.4125
1762  0.4127
1763  0.4128
1764  0.413
1765  0.4131
1766  0.4132
1767  0.4134
1768  0.4135
1769  0.4136
1770  0.4138
1771  0.4139
1772  0.414
1773  0.4142
1774  0.4143
1775  0.4144
1776  0.4146
1777  0.4147
1778  0.4149
1779  0.415
1780  0.4151
1781  0.4153
1782  0.4154
1783  0.4155
1784  0.4157
1785  0.4158
1786  0.4159
1787  0.4161
1788  0.4162
1789  0.4164
1790  0.4165
1791  0.4166
1792  0.4168
1793  0.4169
1794  0.417
1795  0.4172
1796  0.4173
1797  0.4175
1798  0.4176
1799  0.4177
1800  0.4179
1801  0.418
1802  0.4182
1803  0.4183
1804  0.4184
1805  0.4186
1806  0.4187
1807  0.4189
1808  0.419
1809  0.4191
1810  0.4193
1811  0.4194
1812  0.4195
1813  0.4197
1814  0.4198
1815  0.42
1816  0.4201
1817  0.4202
1818  0.4204
1819  0.4205
1820  0.4207
1821  0.4208
1822  0.4209
1823  0.4211
1824  0.4212
1825  0.4214
1826  0.4215
1827  0.4216
1828  0.4218
1829  0.4219
1830  0.4221
1831  0.4222
1832  0.4224
1833  0.4225
1834  0.4226
1835  0.4228
1836  0.4229
1837  0.4231
1838  0.4232
1839  0.4233
1840  0.4235
1841  0.4236
1842  0.4238
1843  0.4239
1844  0.4241
1845  0.4242
1846  0.4243
1847  0.4245
1848  0.4246
1849  0.4248
1850  0.4249
1851  0.425
1852  0.4252
1853  0.4253
1854  0.4255
1855  0.4256
1856  0.4258
1857  0.4259
1858  0.426
1859  0.4262
1860  0.4263
1861  0.4265
1862  0.4266
1863  0.4268
1864  0.4269
1865  0.427
1866  0.4272
1867  0.4273
1868  0.4275
1869  0.4276
1870  0.4278
1871  0.4279
1872  0.4281
1873  0.4282
1874  0.4283
1875  0.4285
1876  0.4286
1877  0.4288
1878  0.4289
1879  0.4291
1880  0.4292
1881  0.4293
1882  0.4295
1883  0.4296
1884  0.4298
1885  0.4299
1886  0.4301
1887  0.4302
1888  0.4304
1889  0.4305
1890  0.4306
1891  0.4308
1892  0.4309
1893  0.4311
1894  0.4312
1895  0.4314
1896  0.4315
1897  0.4317
1898  0.4318
1899  0.432
1900  0.4321
1901  0.4322
1902  0.4324
1903  0.4325
1904  0.4327
1905  0.4328
1906  0.433
1907  0.4331
1908  0.4333
1909  0.4334
1910  0.4336
1911  0.4337
1912  0.4338
1913  0.434
1914  0.4341
1915  0.4343
1916  0.4344
1917  0.4346
1918  0.4347
1919  0.4349
1920  0.435
1921  0.4352
1922  0.4353
1923  0.4355
1924  0.4356
1925  0.4357
1926  0.4359
1927  0.436
1928  0.4362
1929  0.4363
1930  0.4365
1931  0.4366
1932  0.4368
1933  0.4369
1934  0.4371
1935  0.4372
1936  0.4374
1937  0.4375
1938  0.4377
1939  0.4378
1940  0.4379
1941  0.4381
1942  0.4382
1943  0.4384
1944  0.4385
1945  0.4387
1946  0.4388
1947  0.439
1948  0.4391
1949  0.4393
1950  0.4394
1951  0.4396
1952  0.4397
1953  0.4399
1954  0.44
1955  0.4402
1956  0.4403
1957  0.4405
1958  0.4406
1959  0.4407
1960  0.4409
1961  0.441
1962  0.4412
1963  0.4413
1964  0.4415
1965  0.4416
1966  0.4418
1967  0.4419
1968  0.4421
1969  0.4422
1970  0.4424
1971  0.4425
1972  0.4427
1973  0.4428
1974  0.443
1975  0.4431
1976  0.4433
1977  0.4434
1978  0.4436
1979  0.4437
1980  0.4439
1981  0.444
1982  0.4442
1983  0.4443
1984  0.4444
1985  0.4446
1986  0.4447
1987  0.4449
1988  0.445
1989  0.4452
1990  0.4453
1991  0.4455
1992  0.4456
1993  0.4458
1994  0.4459
1995  0.4461
1996  0.4462
1997  0.4464
1998  0.4465
1999  0.4467
2000  0.4468
2001  0.447
2002  0.4471
2003  0.4473
2004  0.4474
2005  0.4476
2006  0.4477
2007  0.4479
2008  0.448
2009  0.4482
2010  0.4483
2011  0.4485
2012  0.4486
2013  0.4488
2014  0.4489
2015  0.4491
2016  0.4492
2017  0.4494
2018  0.4495
2019  0.4497
2020  0.4498
2021  0.45
2022  0.4501
2023  0.4503
2024  0.4504
2025  0.4506
2026  0.4507
2027  0.4509
2028  0.451
2029  0.4512
2030  0.4513
2031  0.4515
2032  0.4516
2033  0.4518
2034  0.4519
2035  0.452
2036  0.4522
2037  0.4523
2038  0.4525
2039  0.4526
2040  0.4528
2041  0.4529
2042  0.4531
2043  0.4532
2044  0.4534
2045  0.4535
2046  0.4537
2047  0.4538
2048  0.454
2049  0.4541
2050  0.4543
2051  0.4544
2052  0.4546
2053  0.4547
2054  0.4549
2055  0.455
2056  0.4552
2057  0.4553
2058  0.4555
2059  0.4556
2060  0.4558
2061  0.4559
2062  0.4561
2063  0.4562
2064  0.4564
2065  0.4565
2066  0.4567
2067  0.4568
2068  0.457
2069  0.4571
2070  0.4573
2071  0.4574
2072  0.4576
2073  0.4577
2074  0.4579
2075  0.458
2076  0.4582
2077  0.4583
2078  0.4585
2079  0.4586
2080  0.4588
2081  0.4589
2082  0.4591
2083  0.4592
2084  0.4594
2085  0.4595
2086  0.4597
2087  0.4598
2088  0.46
2089  0.4601
2090  0.4603
2091  0.4604
2092  0.4606
2093  0.4607
2094  0.4609
2095  0.461
2096  0.4612
2097  0.4613
2098  0.4615
2099  0.4616
2100  0.4618
2101  0.4619
2102  0.4621
2103  0.4622
2104  0.4624
2105  0.4625
2106  0.4627
2107  0.4628
2108  0.463
2109  0.4631
2110  0.4633
2111  0.4634
2112  0.4636
2113  0.4637
2114  0.4639
2115  0.464
2116  0.4642
2117  0.4643
2118  0.4645
2119  0.4646
2120  0.4648
2121  0.4649
2122  0.4651
2123  0.4652
2124  0.4654
2125  0.4655
2126  0.4657
2127  0.4658
2128  0.466
2129  0.4661
2130  0.4663
2131  0.4664
2132  0.4666
2133  0.4667
2134  0.4669
2135  0.467
2136  0.4672
2137  0.4673
2138  0.4675
2139  0.4676
2140  0.4678
2141  0.4679
2142  0.4681
2143  0.4682
2144  0.4684
2145  0.4685
2146  0.4687
2147  0.4688
2148  0.469
2149  0.4691
2150  0.4693
2151  0.4694
2152  0.4696
2153  0.4697
2154  0.4699
2155  0.47
2156  0.4702
2157  0.4703
2158  0.4705
2159  0.4706
2160  0.4708
2161  0.4709
2162  0.4711
2163  0.4712
2164  0.4714
2165  0.4715
2166  0.4717
2167  0.4718
2168  0.472
2169  0.4721
2170  0.4723
2171  0.4724
2172  0.4726
2173  0.4727
2174  0.4729
2175  0.473
2176  0.4732
2177  0.4733
2178  0.4735
2179  0.4736
2180  0.4738
2181  0.4739
2182  0.4741
2183  0.4742
2184  0.4744
2185  0.4745
2186  0.4747
2187  0.4748
2188  0.475
2189  0.4751
2190  0.4753
2191  0.4754
2192  0.4756
2193  0.4757
2194  0.4759
2195  0.476
2196  0.4762
2197  0.4763
2198  0.4765
2199  0.4766
2200  0.4768
2201  0.4769
2202  0.4771
2203  0.4772
2204  0.4774
2205  0.4775
2206  0.4777
2207  0.4778
2208  0.478
2209  0.4781
2210  0.4783
2211  0.4784
2212  0.4786
2213  0.4787
2214  0.4789
2215  0.479
2216  0.4792
2217  0.4793
2218  0.4795
2219  0.4796
2220  0.4798
2221  0.4799
2222  0.4801
2223  0.4802
2224  0.4804
2225  0.4805
2226  0.4807
2227  0.4808
2228  0.481
2229  0.4811
2230  0.4813
2231  0.4814
2232  0.4816
2233  0.4817
2234  0.4819
2235  0.482
2236  0.4822
2237  0.4823
2238  0.4825
2239  0.4826
2240  0.4828
2241  0.4829
2242  0.4831
2243  0.4832
2244  0.4834
2245  0.4835
2246  0.4837
2247  0.4838
2248  0.484
2249  0.4841
2250  0.4843
2251  0.4844
2252  0.4846
2253  0.4847
2254  0.4849
2255  0.485
2256  0.4852
2257  0.4853
2258  0.4855
2259  0.4856
2260  0.4858
2261  0.4859
2262  0.4861
2263  0.4862
2264  0.4863
2265  0.4865
2266  0.4866
2267  0.4868
2268  0.4869
2269  0.4871
2270  0.4872
2271  0.4874
2272  0.4875
2273  0.4877
2274  0.4878
2275  0.488
2276  0.4881
2277  0.4883
2278  0.4884
2279  0.4886
2280  0.4887
2281  0.4889
2282  0.489
2283  0.4892
2284  0.4893
2285  0.4895
2286  0.4896
2287  0.4898
2288  0.4899
2289  0.4901
2290  0.4902
2291  0.4904
2292  0.4905
2293  0.4907
2294  0.4908
2295  0.491
2296  0.4911
2297  0.4912
2298  0.4914
2299  0.4915
2300  0.4917
2301  0.4918
2302  0.492
2303  0.4921
2304  0.4923
2305  0.4924
2306  0.4926
2307  0.4927
2308  0.4929
2309  0.493
2310  0.4932
2311  0.4933
2312  0.4935
2313  0.4936
2314  0.4938
2315  0.4939
2316  0.4941
2317  0.4942
2318  0.4944
2319  0.4945
2320  0.4947
2321  0.4948
2322  0.4949
2323  0.4951
2324  0.4952
2325  0.4954
2326  0.4955
2327  0.4957
2328  0.4958
2329  0.496
2330  0.4961
2331  0.4963
2332  0.4964
2333  0.4966
2334  0.4967
2335  0.4969
2336  0.497
2337  0.4972
2338  0.4973
2339  0.4975
2340  0.4976
2341  0.4977
2342  0.4979
2343  0.498
2344  0.4982
2345  0.4983
2346  0.4985
2347  0.4986
2348  0.4988
2349  0.4989
2350  0.4991
2351  0.4992
2352  0.4994
2353  0.4995
2354  0.4997
2355  0.4998
2356  0.4999
2357  0.5001
2358  0.5002
2359  0.5004
2360  0.5005
2361  0.5007
2362  0.5008
2363  0.501
2364  0.5011
2365  0.5013
2366  0.5014
2367  0.5016
2368  0.5017
2369  0.5019
2370  0.502
2371  0.5021
2372  0.5023
2373  0.5024
2374  0.5026
2375  0.5027
2376  0.5029
2377  0.503
2378  0.5032
2379  0.5033
2380  0.5035
2381  0.5036
2382  0.5038
2383  0.5039
2384  0.504
2385  0.5042
2386  0.5043
2387  0.5045
2388  0.5046
2389  0.5048
2390  0.5049
2391  0.5051
2392  0.5052
2393  0.5054
2394  0.5055
2395  0.5056
2396  0.5058
2397  0.5059
2398  0.5061
2399  0.5062
2400  0.5064
2401  0.5065
2402  0.5067
2403  0.5068
2404  0.507
2405  0.5071
2406  0.5072
2407  0.5074
2408  0.5075
2409  0.5077
2410  0.5078
2411  0.508
2412  0.5081
2413  0.5083
2414  0.5084
2415  0.5086
2416  0.5087
2417  0.5088
2418  0.509
2419  0.5091
2420  0.5093
2421  0.5094
2422  0.5096
2423  0.5097
2424  0.5099
2425  0.51
2426  0.5101
2427  0.5103
2428  0.5104
2429  0.5106
2430  0.5107
2431  0.5109
2432  0.511
2433  0.5112
2434  0.5113
2435  0.5115
2436  0.5116
2437  0.5117
2438  0.5119
2439  0.512
2440  0.5122
2441  0.5123
2442  0.5125
2443  0.5126
2444  0.5127
2445  0.5129
2446  0.513
2447  0.5132
2448  0.5133
2449  0.5135
2450  0.5136
2451  0.5138
2452  0.5139
2453  0.514
2454  0.5142
2455  0.5143
2456  0.5145
2457  0.5146
2458  0.5148
2459  0.5149
2460  0.5151
2461  0.5152
2462  0.5153
2463  0.5155
2464  0.5156
2465  0.5158
2466  0.5159
2467  0.5161
2468  0.5162
2469  0.5163
2470  0.5165
2471  0.5166
2472  0.5168
2473  0.5169
2474  0.5171
2475  0.5172
2476  0.5173
2477  0.5175
2478  0.5176
2479  0.5178
2480  0.5179
2481  0.5181
2482  0.5182
2483  0.5183
2484  0.5185
2485  0.5186
2486  0.5188
2487  0.5189
2488  0.5191
2489  0.5192
2490  0.5193
2491  0.5195
2492  0.5196
2493  0.5198
2494  0.5199
2495  0.5201
2496  0.5202
2497  0.5203
2498  0.5205
2499  0.5206
2500  0.5208
2501  0.5209
2502  0.5211
2503  0.5212
2504  0.5213
2505  0.5215
2506  0.5216
2507  0.5218
2508  0.5219
2509  0.522
2510  0.5222
2511  0.5223
2512  0.5225
2513  0.5226
2514  0.5228
2515  0.5229
2516  0.523
2517  0.5232
2518  0.5233
2519  0.5235
2520  0.5236
2521  0.5237
2522  0.5239
2523  0.524
2524  0.5242
2525  0.5243
2526  0.5245
2527  0.5246
2528  0.5247
2529  0.5249
2530  0.525
2531  0.5252
2532  0.5253
2533  0.5254
2534  0.5256
2535  0.5257
2536  0.5259
2537  0.526
2538  0.5261
2539  0.5263
2540  0.5264
2541  0.5266
2542  0.5267
2543  0.5268
2544  0.527
2545  0.5271
2546  0.5273
2547  0.5274
2548  0.5276
2549  0.5277
2550  0.5278
2551  0.528
2552  0.5281
2553  0.5283
2554  0.5284
2555  0.5285
2556  0.5287
2557  0.5288
2558  0.529
2559  0.5291
2560  0.5292
2561  0.5294
2562  0.5295
2563  0.5297
2564  0.5298
2565  0.5299
2566  0.5301
2567  0.5302
2568  0.5304
2569  0.5305
2570  0.5306
2571  0.5308
2572  0.5309
2573  0.5311
2574  0.5312
2575  0.5313
2576  0.5315
2577  0.5316
2578  0.5317
2579  0.5319
2580  0.532
2581  0.5322
2582  0.5323
2583  0.5324
2584  0.5326
2585  0.5327
2586  0.5329
2587  0.533
2588  0.5331
2589  0.5333
2590  0.5334
2591  0.5336
2592  0.5337
2593  0.5338
2594  0.534
2595  0.5341
2596  0.5343
2597  0.5344
2598  0.5345
2599  0.5347
2600  0.5348
2601  0.5349
2602  0.5351
2603  0.5352
2604  0.5354
2605  0.5355
2606  0.5356
2607  0.5358
2608  0.5359
2609  0.536
2610  0.5362
2611  0.5363
2612  0.5365
2613  0.5366
2614  0.5367
2615  0.5369
2616  0.537
2617  0.5372
2618  0.5373
2619  0.5374
2620  0.5376
2621  0.5377
2622  0.5378
2623  0.538
2624  0.5381
2625  0.5383
2626  0.5384
2627  0.5385
2628  0.5387
2629  0.5388
2630  0.5389
2631  0.5391
2632  0.5392
2633  0.5394
2634  0.5395
2635  0.5396
2636  0.5398
2637  0.5399
2638  0.54
2639  0.5402
2640  0.5403
2641  0.5404
2642  0.5406
2643  0.5407
2644  0.5409
2645  0.541
2646  0.5411
2647  0.5413
2648  0.5414
2649  0.5415
2650  0.5417
2651  0.5418
2652  0.542
2653  0.5421
2654  0.5422
2655  0.5424
2656  0.5425
2657  0.5426
2658  0.5428
2659  0.5429
2660  0.543
2661  0.5432
2662  0.5433
2663  0.5434
2664  0.5436
2665  0.5437
2666  0.5439
2667  0.544
2668  0.5441
2669  0.5443
2670  0.5444
2671  0.5445
2672  0.5447
2673  0.5448
2674  0.5449
2675  0.5451
2676  0.5452
2677  0.5453
2678  0.5455
2679  0.5456
2680  0.5458
2681  0.5459
2682  0.546
2683  0.5462
2684  0.5463
2685  0.5464
2686  0.5466
2687  0.5467
2688  0.5468
2689  0.547
2690  0.5471
2691  0.5472
2692  0.5474
2693  0.5475
2694  0.5476
2695  0.5478
2696  0.5479
2697  0.548
2698  0.5482
2699  0.5483
2700  0.5484
2701  0.5486
2702  0.5487
2703  0.5489
2704  0.549
2705  0.5491
2706  0.5493
2707  0.5494
2708  0.5495
2709  0.5497
2710  0.5498
2711  0.5499
2712  0.5501
2713  0.5502
2714  0.5503
2715  0.5505
2716  0.5506
2717  0.5507
2718  0.5509
2719  0.551
2720  0.5511
2721  0.5513
2722  0.5514
2723  0.5515
2724  0.5517
2725  0.5518
2726  0.5519
2727  0.5521
2728  0.5522
2729  0.5523
2730  0.5525
2731  0.5526
2732  0.5527
2733  0.5529
2734  0.553
2735  0.5531
2736  0.5533
2737  0.5534
2738  0.5535
2739  0.5537
2740  0.5538
2741  0.5539
2742  0.5541
2743  0.5542
2744  0.5543
2745  0.5545
2746  0.5546
2747  0.5547
2748  0.5548
2749  0.555
2750  0.5551
2751  0.5552
2752  0.5554
2753  0.5555
2754  0.5556
2755  0.5558
2756  0.5559
2757  0.556
2758  0.5562
2759  0.5563
2760  0.5564
2761  0.5566
2762  0.5567
2763  0.5568
2764  0.557
2765  0.5571
2766  0.5572
2767  0.5574
2768  0.5575
2769  0.5576
2770  0.5578
2771  0.5579
2772  0.558
2773  0.5581
2774  0.5583
2775  0.5584
2776  0.5585
2777  0.5587
2778  0.5588
2779  0.5589
2780  0.5591
2781  0.5592
2782  0.5593
2783  0.5595
2784  0.5596
2785  0.5597
2786  0.5598
2787  0.56
2788  0.5601
2789  0.5602
2790  0.5604
2791  0.5605
2792  0.5606
2793  0.5608
2794  0.5609
2795  0.561
2796  0.5612
2797  0.5613
2798  0.5614
2799  0.5615
2800  0.5617
2801  0.5618
2802  0.5619
2803  0.5621
2804  0.5622
2805  0.5623
2806  0.5625
2807  0.5626
2808  0.5627
2809  0.5628
2810  0.563
2811  0.5631
2812  0.5632
2813  0.5634
2814  0.5635
2815  0.5636
2816  0.5637
2817  0.5639
2818  0.564
2819  0.5641
2820  0.5643
2821  0.5644
2822  0.5645
2823  0.5647
2824  0.5648
2825  0.5649
2826  0.565
2827  0.5652
2828  0.5653
2829  0.5654
2830  0.5656
2831  0.5657
2832  0.5658
2833  0.5659
2834  0.5661
2835  0.5662
2836  0.5663
2837  0.5665
2838  0.5666
2839  0.5667
2840  0.5668
2841  0.567
2842  0.5671
2843  0.5672
2844  0.5674
2845  0.5675
2846  0.5676
2847  0.5677
2848  0.5679
2849  0.568
2850  0.5681
2851  0.5682
2852  0.5684
2853  0.5685
2854  0.5686
2855  0.5688
2856  0.5689
2857  0.569
2858  0.5691
2859  0.5693
2860  0.5694
2861  0.5695
2862  0.5696
2863  0.5698
2864  0.5699
2865  0.57
2866  0.5702
2867  0.5703
2868  0.5704
2869  0.5705
2870  0.5707
2871  0.5708
2872  0.5709
2873  0.571
2874  0.5712
2875  0.5713
2876  0.5714
2877  0.5716
2878  0.5717
2879  0.5718
2880  0.5719
2881  0.5721
2882  0.5722
2883  0.5723
2884  0.5724
2885  0.5726
2886  0.5727
2887  0.5728
2888  0.5729
2889  0.5731
2890  0.5732
2891  0.5733
2892  0.5734
2893  0.5736
2894  0.5737
2895  0.5738
2896  0.574
2897  0.5741
2898  0.5742
2899  0.5743
2900  0.5745
2901  0.5746
2902  0.5747
2903  0.5748
2904  0.575
2905  0.5751
2906  0.5752
2907  0.5753
2908  0.5755
2909  0.5756
2910  0.5757
2911  0.5758
2912  0.576
2913  0.5761
2914  0.5762
2915  0.5763
2916  0.5765
2917  0.5766
2918  0.5767
2919  0.5768
2920  0.577
2921  0.5771
2922  0.5772
2923  0.5773
2924  0.5775
2925  0.5776
2926  0.5777
2927  0.5778
2928  0.578
2929  0.5781
2930  0.5782
2931  0.5783
2932  0.5785
2933  0.5786
2934  0.5787
2935  0.5788
2936  0.5789
2937  0.5791
2938  0.5792
2939  0.5793
2940  0.5794
2941  0.5796
2942  0.5797
2943  0.5798
2944  0.5799
2945  0.5801
2946  0.5802
2947  0.5803
2948  0.5804
2949  0.5806
2950  0.5807
2951  0.5808
2952  0.5809
2953  0.581
2954  0.5812
2955  0.5813
2956  0.5814
2957  0.5815
2958  0.5817
2959  0.5818
2960  0.5819
2961  0.582
2962  0.5822
2963  0.5823
2964  0.5824
2965  0.5825
2966  0.5826
2967  0.5828
2968  0.5829
2969  0.583
2970  0.5831
2971  0.5833
2972  0.5834
2973  0.5835
2974  0.5836
2975  0.5837
2976  0.5839
2977  0.584
2978  0.5841
2979  0.5842
2980  0.5844
2981  0.5845
2982  0.5846
2983  0.5847
2984  0.5848
2985  0.585
2986  0.5851
2987  0.5852
2988  0.5853
2989  0.5855
2990  0.5856
2991  0.5857
2992  0.5858
2993  0.5859
2994  0.5861
2995  0.5862
2996  0.5863
2997  0.5864
2998  0.5865
2999  0.5867
3000  0.5868
3001  0.5869
3002  0.587
3003  0.5872
3004  0.5873
3005  0.5874
3006  0.5875
3007  0.5876
3008  0.5878
3009  0.5879
3010  0.588
3011  0.5881
3012  0.5882
3013  0.5884
3014  0.5885
3015  0.5886
3016  0.5887
3017  0.5888
3018  0.589
3019  0.5891
3020  0.5892
3021  0.5893
3022  0.5894
3023  0.5896
3024  0.5897
3025  0.5898
3026  0.5899
3027  0.59
3028  0.5902
3029  0.5903
3030  0.5904
3031  0.5905
3032  0.5906
3033  0.5908
3034  0.5909
3035  0.591
3036  0.5911
3037  0.5912
3038  0.5914
3039  0.5915
3040  0.5916
3041  0.5917
3042  0.5918
3043  0.592
3044  0.5921
3045  0.5922
3046  0.5923
3047  0.5924
3048  0.5925
3049  0.5927
3050  0.5928
3051  0.5929
3052  0.593
3053  0.5931
3054  0.5933
3055  0.5934
3056  0.5935
3057  0.5936
3058  0.5937
3059  0.5939
3060  0.594
3061  0.5941
3062  0.5942
3063  0.5943
3064  0.5944
3065  0.5946
3066  0.5947
3067  0.5948
3068  0.5949
3069  0.595
3070  0.5952
3071  0.5953
3072  0.5954
3073  0.5955
3074  0.5956
3075  0.5957
3076  0.5959
3077  0.596
3078  0.5961
3079  0.5962
3080  0.5963
3081  0.5964
3082  0.5966
3083  0.5967
3084  0.5968
3085  0.5969
3086  0.597
3087  0.5971
3088  0.5973
3089  0.5974
3090  0.5975
3091  0.5976
3092  0.5977
3093  0.5979
3094  0.598
3095  0.5981
3096  0.5982
3097  0.5983
3098  0.5984
3099  0.5986
3100  0.5987
3101  0.5988
3102  0.5989
3103  0.599
3104  0.5991
3105  0.5992
3106  0.5994
3107  0.5995
3108  0.5996
3109  0.5997
3110  0.5998
3111  0.5999
3112  0.6001
3113  0.6002
3114  0.6003
3115  0.6004
3116  0.6005
3117  0.6006
3118  0.6008
3119  0.6009
3120  0.601
3121  0.6011
3122  0.6012
3123  0.6013
3124  0.6015
3125  0.6016
3126  0.6017
3127  0.6018
3128  0.6019
3129  0.602
3130  0.6021
3131  0.6023
3132  0.6024
3133  0.6025
3134  0.6026
3135  0.6027
3136  0.6028
3137  0.6029
3138  0.6031
3139  0.6032
3140  0.6033
3141  0.6034
3142  0.6035
3143  0.6036
3144  0.6038
3145  0.6039
3146  0.604
3147  0.6041
3148  0.6042
3149  0.6043
3150  0.6044
3151  0.6046
3152  0.6047
3153  0.6048
3154  0.6049
3155  0.605
3156  0.6051
3157  0.6052
3158  0.6053
3159  0.6055
3160  0.6056
3161  0.6057
3162  0.6058
3163  0.6059
3164  0.606
3165  0.6061
3166  0.6063
3167  0.6064
3168  0.6065
3169  0.6066
3170  0.6067
3171  0.6068
3172  0.6069
3173  0.6071
3174  0.6072
3175  0.6073
3176  0.6074
3177  0.6075
3178  0.6076
3179  0.6077
3180  0.6078
3181  0.608
3182  0.6081
3183  0.6082
3184  0.6083
3185  0.6084
3186  0.6085
3187  0.6086
3188  0.6087
3189  0.6089
3190  0.609
3191  0.6091
3192  0.6092
3193  0.6093
3194  0.6094
3195  0.6095
3196  0.6096
3197  0.6098
3198  0.6099
3199  0.61
3200  0.6101
3201  0.6102
3202  0.6103
3203  0.6104
3204  0.6105
3205  0.6107
3206  0.6108
3207  0.6109
3208  0.611
3209  0.6111
3210  0.6112
3211  0.6113
3212  0.6114
3213  0.6115
3214  0.6117
3215  0.6118
3216  0.6119
3217  0.612
3218  0.6121
3219  0.6122
3220  0.6123
3221  0.6124
3222  0.6125
3223  0.6127
3224  0.6128
3225  0.6129
3226  0.613
3227  0.6131
3228  0.6132
3229  0.6133
3230  0.6134
3231  0.6135
3232  0.6137
3233  0.6138
3234  0.6139
3235  0.614
3236  0.6141
3237  0.6142
3238  0.6143
3239  0.6144
3240  0.6145
3241  0.6146
3242  0.6148
3243  0.6149
3244  0.615
3245  0.6151
3246  0.6152
3247  0.6153
3248  0.6154
3249  0.6155
3250  0.6156
3251  0.6157
3252  0.6159
3253  0.616
3254  0.6161
3255  0.6162
3256  0.6163
3257  0.6164
3258  0.6165
3259  0.6166
3260  0.6167
3261  0.6168
3262  0.617
3263  0.6171
3264  0.6172
3265  0.6173
3266  0.6174
3267  0.6175
3268  0.6176
3269  0.6177
3270  0.6178
3271  0.6179
3272  0.618
3273  0.6182
3274  0.6183
3275  0.6184
3276  0.6185
3277  0.6186
3278  0.6187
3279  0.6188
3280  0.6189
3281  0.619
3282  0.6191
3283  0.6192
3284  0.6193
3285  0.6195
3286  0.6196
3287  0.6197
3288  0.6198
3289  0.6199
3290  0.62
3291  0.6201
3292  0.6202
3293  0.6203
3294  0.6204
3295  0.6205
3296  0.6206
3297  0.6207
3298  0.6209
3299  0.621
3300  0.6211
3301  0.6212
3302  0.6213
3303  0.6214
3304  0.6215
3305  0.6216
3306  0.6217
3307  0.6218
3308  0.6219
3309  0.622
3310  0.6221
3311  0.6223
3312  0.6224
3313  0.6225
3314  0.6226
3315  0.6227
3316  0.6228
3317  0.6229
3318  0.623
3319  0.6231
3320  0.6232
3321  0.6233
3322  0.6234
3323  0.6235
3324  0.6236
3325  0.6237
3326  0.6239
3327  0.624
3328  0.6241
3329  0.6242
3330  0.6243
3331  0.6244
3332  0.6245
3333  0.6246
3334  0.6247
3335  0.6248
3336  0.6249
3337  0.625
3338  0.6251
3339  0.6252
3340  0.6253
3341  0.6254
3342  0.6256
3343  0.6257
3344  0.6258
3345  0.6259
3346  0.626
3347  0.6261
3348  0.6262
3349  0.6263
3350  0.6264
3351  0.6265
3352  0.6266
3353  0.6267
3354  0.6268
3355  0.6269
3356  0.627
3357  0.6271
3358  0.6272
3359  0.6273
3360  0.6274
3361  0.6276
3362  0.6277
3363  0.6278
3364  0.6279
3365  0.628
3366  0.6281
3367  0.6282
3368  0.6283
3369  0.6284
3370  0.6285
3371  0.6286
3372  0.6287
3373  0.6288
3374  0.6289
3375  0.629
3376  0.6291
3377  0.6292
3378  0.6293
3379  0.6294
3380  0.6295
3381  0.6296
3382  0.6297
3383  0.6299
3384  0.63
3385  0.6301
3386  0.6302
3387  0.6303
3388  0.6304
3389  0.6305
3390  0.6306
3391  0.6307
3392  0.6308
3393  0.6309
3394  0.631
3395  0.6311
3396  0.6312
3397  0.6313
3398  0.6314
3399  0.6315
3400  0.6316
3401  0.6317
3402  0.6318
3403  0.6319
3404  0.632
3405  0.6321
3406  0.6322
3407  0.6323
3408  0.6324
3409  0.6325
3410  0.6326
3411  0.6327
3412  0.6328
3413  0.6329
3414  0.6331
3415  0.6332
3416  0.6333
3417  0.6334
3418  0.6335
3419  0.6336
3420  0.6337
3421  0.6338
3422  0.6339
3423  0.634
3424  0.6341
3425  0.6342
3426  0.6343
3427  0.6344
3428  0.6345
3429  0.6346
3430  0.6347
3431  0.6348
3432  0.6349
3433  0.635
3434  0.6351
3435  0.6352
3436  0.6353
3437  0.6354
3438  0.6355
3439  0.6356
3440  0.6357
3441  0.6358
3442  0.6359
3443  0.636
3444  0.6361
3445  0.6362
3446  0.6363
3447  0.6364
3448  0.6365
3449  0.6366
3450  0.6367
3451  0.6368
3452  0.6369
3453  0.637
3454  0.6371
3455  0.6372
3456  0.6373
3457  0.6374
3458  0.6375
3459  0.6376
3460  0.6377
3461  0.6378
3462  0.6379
3463  0.638
3464  0.6381
3465  0.6382
3466  0.6383
3467  0.6384
3468  0.6385
3469  0.6386
3470  0.6387
3471  0.6388
3472  0.6389
3473  0.639
3474  0.6391
3475  0.6392
3476  0.6393
3477  0.6394
3478  0.6395
3479  0.6396
3480  0.6397
3481  0.6398
3482  0.6399
3483  0.64
3484  0.6401
3485  0.6402
3486  0.6403
3487  0.6404
3488  0.6405
3489  0.6406
3490  0.6407
3491  0.6408
3492  0.6409
3493  0.641
3494  0.6411
3495  0.6412
3496  0.6413
3497  0.6414
3498  0.6415
3499  0.6416
3500  0.6417
3501  0.6418
3502  0.6419
3503  0.642
3504  0.6421
3505  0.6422
3506  0.6423
3507  0.6424
3508  0.6425
3509  0.6426
3510  0.6427
3511  0.6428
3512  0.6429
3513  0.643
3514  0.6431
3515  0.6432
3516  0.6433
3517  0.6434
3518  0.6435
3519  0.6436
3520  0.6437
3521  0.6438
3522  0.6439
3523  0.644
3524  0.6441
3525  0.6442
3526  0.6443
3527  0.6444
3528  0.6445
3529  0.6446
3530  0.6447
3531  0.6448
3532  0.6449
3533  0.645
3534  0.6451
3535  0.6452
3536  0.6453
3537  0.6454
3538  0.6455
3539  0.6455
3540  0.6456
3541  0.6457
3542  0.6458
3543  0.6459
3544  0.646
3545  0.6461
3546  0.6462
3547  0.6463
3548  0.6464
3549  0.6465
3550  0.6466
3551  0.6467
3552  0.6468
3553  0.6469
3554  0.647
3555  0.6471
3556  0.6472
3557  0.6473
3558  0.6474
3559  0.6475
3560  0.6476
3561  0.6477
3562  0.6478
3563  0.6479
3564  0.648
3565  0.6481
3566  0.6482
3567  0.6483
3568  0.6484
3569  0.6485
3570  0.6485
3571  0.6486
3572  0.6487
3573  0.6488
3574  0.6489
3575  0.649
3576  0.6491
3577  0.6492
3578  0.6493
3579  0.6494
3580  0.6495
3581  0.6496
3582  0.6497
3583  0.6498
3584  0.6499
3585  0.65
3586  0.6501
3587  0.6502
3588  0.6503
3589  0.6504
3590  0.6505
3591  0.6506
3592  0.6507
3593  0.6507
3594  0.6508
3595  0.6509
3596  0.651
3597  0.6511
3598  0.6512
3599  0.6513
3600  0.6514
3601  0.6515
3602  0.6516
3603  0.6517
3604  0.6518
3605  0.6519
3606  0.652
3607  0.6521
3608  0.6522
3609  0.6523
3610  0.6524
3611  0.6525
3612  0.6525
3613  0.6526
3614  0.6527
3615  0.6528
3616  0.6529
3617  0.653
3618  0.6531
3619  0.6532
3620  0.6533
3621  0.6534
3622  0.6535
3623  0.6536
3624  0.6537
3625  0.6538
3626  0.6539
3627  0.654
3628  0.6541
3629  0.6541
3630  0.6542
3631  0.6543
3632  0.6544
3633  0.6545
3634  0.6546
3635  0.6547
3636  0.6548
3637  0.6549
3638  0.655
3639  0.6551
3640  0.6552
3641  0.6553
3642  0.6554
3643  0.6555
3644  0.6555
3645  0.6556
3646  0.6557
3647  0.6558
3648  0.6559
3649  0.656
3650  0.6561
3651  0.6562
3652  0.6563
3653  0.6564
3654  0.6565
3655  0.6566
3656  0.6567
3657  0.6568
3658  0.6568
3659  0.6569
3660  0.657
3661  0.6571
3662  0.6572
3663  0.6573
3664  0.6574
3665  0.6575
3666  0.6576
3667  0.6577
3668  0.6578
3669  0.6579
3670  0.658
3671  0.658
3672  0.6581
3673  0.6582
3674  0.6583
3675  0.6584
3676  0.6585
3677  0.6586
3678  0.6587
3679  0.6588
3680  0.6589
3681  0.659
3682  0.6591
3683  0.6591
3684  0.6592
3685  0.6593
3686  0.6594
3687  0.6595
3688  0.6596
3689  0.6597
3690  0.6598
3691  0.6599
3692  0.66
3693  0.6601
3694  0.6602
3695  0.6602
3696  0.6603
3697  0.6604
3698  0.6605
3699  0.6606
3700  0.6607
3701  0.6608
3702  0.6609
3703  0.661
3704  0.6611
3705  0.6612
3706  0.6612
3707  0.6613
3708  0.6614
3709  0.6615
3710  0.6616
3711  0.6617
3712  0.6618
3713  0.6619
3714  0.662
3715  0.6621
3716  0.6621
3717  0.6622
3718  0.6623
3719  0.6624
3720  0.6625
3721  0.6626
3722  0.6627
3723  0.6628
3724  0.6629
3725  0.663
3726  0.663
3727  0.6631
3728  0.6632
3729  0.6633
3730  0.6634
3731  0.6635
3732  0.6636
3733  0.6637
3734  0.6638
3735  0.6639
3736  0.6639
3737  0.664
3738  0.6641
3739  0.6642
3740  0.6643
3741  0.6644
3742  0.6645
3743  0.6646
3744  0.6647
3745  0.6648
3746  0.6648
3747  0.6649
3748  0.665
3749  0.6651
3750  0.6652
3751  0.6653
3752  0.6654
3753  0.6655
3754  0.6656
3755  0.6656
3756  0.6657
3757  0.6658
3758  0.6659
3759  0.666
3760  0.6661
3761  0.6662
3762  0.6663
3763  0.6663
3764  0.6664
3765  0.6665
3766  0.6666
3767  0.6667
3768  0.6668
3769  0.6669
3770  0.667
3771  0.6671
3772  0.6671
3773  0.6672
3774  0.6673
3775  0.6674
3776  0.6675
3777  0.6676
3778  0.6677
3779  0.6678
3780  0.6678
3781  0.6679
3782  0.668
3783  0.6681
3784  0.6682
3785  0.6683
3786  0.6684
3787  0.6685
3788  0.6685
3789  0.6686
3790  0.6687
3791  0.6688
3792  0.6689
3793  0.669
3794  0.6691
3795  0.6692
3796  0.6692
3797  0.6693
3798  0.6694
3799  0.6695
3800  0.6696
3801  0.6697
3802  0.6698
3803  0.6699
3804  0.6699
3805  0.67
3806  0.6701
3807  0.6702
3808  0.6703
3809  0.6704
3810  0.6705
3811  0.6706
3812  0.6706
3813  0.6707
3814  0.6708
3815  0.6709
3816  0.671
3817  0.6711
3818  0.6712
3819  0.6712
3820  0.6713
3821  0.6714
3822  0.6715
3823  0.6716
3824  0.6717
3825  0.6718
3826  0.6718
3827  0.6719
3828  0.672
3829  0.6721
3830  0.6722
3831  0.6723
3832  0.6724
3833  0.6724
3834  0.6725
3835  0.6726
3836  0.6727
3837  0.6728
3838  0.6729
3839  0.673
3840  0.673
3841  0.6731
3842  0.6732
3843  0.6733
3844  0.6734
3845  0.6735
3846  0.6736
3847  0.6736
3848  0.6737
3849  0.6738
3850  0.6739
3851  0.674
3852  0.6741
3853  0.6742
3854  0.6742
3855  0.6743
3856  0.6744
3857  0.6745
3858  0.6746
3859  0.6747
3860  0.6748
3861  0.6748
3862  0.6749
3863  0.675
3864  0.6751
3865  0.6752
3866  0.6753
3867  0.6753
3868  0.6754
3869  0.6755
3870  0.6756
3871  0.6757
3872  0.6758
3873  0.6759
3874  0.6759
3875  0.676
3876  0.6761
3877  0.6762
3878  0.6763
3879  0.6764
3880  0.6764
3881  0.6765
3882  0.6766
3883  0.6767
3884  0.6768
3885  0.6769
3886  0.6769
3887  0.677
3888  0.6771
3889  0.6772
3890  0.6773
3891  0.6774
3892  0.6774
3893  0.6775
3894  0.6776
3895  0.6777
3896  0.6778
3897  0.6779
3898  0.6779
3899  0.678
3900  0.6781
3901  0.6782
3902  0.6783
3903  0.6784
3904  0.6784
3905  0.6785
3906  0.6786
3907  0.6787
3908  0.6788
3909  0.6789
3910  0.6789
3911  0.679
3912  0.6791
3913  0.6792
3914  0.6793
3915  0.6794
3916  0.6794
3917  0.6795
3918  0.6796
3919  0.6797
3920  0.6798
3921  0.6799
3922  0.6799
3923  0.68
3924  0.6801
3925  0.6802
3926  0.6803
3927  0.6804
3928  0.6804
3929  0.6805
3930  0.6806
3931  0.6807
3932  0.6808
3933  0.6808
3934  0.6809
3935  0.681
3936  0.6811
3937  0.6812
3938  0.6813
3939  0.6813
3940  0.6814
3941  0.6815
3942  0.6816
3943  0.6817
3944  0.6817
3945  0.6818
3946  0.6819
3947  0.682
3948  0.6821
3949  0.6822
3950  0.6822
3951  0.6823
3952  0.6824
3953  0.6825
3954  0.6826
3955  0.6826
3956  0.6827
3957  0.6828
3958  0.6829
3959  0.683
3960  0.6831
3961  0.6831
3962  0.6832
3963  0.6833
3964  0.6834
3965  0.6835
3966  0.6835
3967  0.6836
3968  0.6837
3969  0.6838
3970  0.6839
3971  0.6839
3972  0.684
3973  0.6841
3974  0.6842
3975  0.6843
3976  0.6843
3977  0.6844
3978  0.6845
3979  0.6846
3980  0.6847
3981  0.6847
3982  0.6848
3983  0.6849
3984  0.685
3985  0.6851
3986  0.6852
3987  0.6852
3988  0.6853
3989  0.6854
3990  0.6855
3991  0.6856
3992  0.6856
3993  0.6857
3994  0.6858
3995  0.6859
3996  0.686
3997  0.686
3998  0.6861
3999  0.6862
4000  0.6863
4001  0.6864
4002  0.6864
4003  0.6865
4004  0.6866
4005  0.6867
4006  0.6867
4007  0.6868
4008  0.6869
4009  0.687
4010  0.6871
4011  0.6871
4012  0.6872
4013  0.6873
4014  0.6874
4015  0.6875
4016  0.6875
4017  0.6876
4018  0.6877
4019  0.6878
4020  0.6879
4021  0.6879
4022  0.688
4023  0.6881
4024  0.6882
4025  0.6883
4026  0.6883
4027  0.6884
4028  0.6885
4029  0.6886
4030  0.6887
4031  0.6887
4032  0.6888
4033  0.6889
4034  0.689
4035  0.689
4036  0.6891
4037  0.6892
4038  0.6893
4039  0.6894
4040  0.6894
4041  0.6895
4042  0.6896
4043  0.6897
4044  0.6897
4045  0.6898
4046  0.6899
4047  0.69
4048  0.6901
4049  0.6901
4050  0.6902
4051  0.6903
4052  0.6904
4053  0.6905
4054  0.6905
4055  0.6906
4056  0.6907
4057  0.6908
4058  0.6908
4059  0.6909
4060  0.691
4061  0.6911
4062  0.6912
4063  0.6912
4064  0.6913
4065  0.6914
4066  0.6915
4067  0.6915
4068  0.6916
4069  0.6917
4070  0.6918
4071  0.6919
4072  0.6919
4073  0.692
4074  0.6921
4075  0.6922
4076  0.6922
4077  0.6923
4078  0.6924
4079  0.6925
4080  0.6925
4081  0.6926
4082  0.6927
4083  0.6928
4084  0.6929
4085  0.6929
4086  0.693
4087  0.6931
4088  0.6932
4089  0.6932
4090  0.6933
4091  0.6934
4092  0.6935
4093  0.6935
4094  0.6936
4095  0.6937
4096  0.6938
4097  0.6939
4098  0.6939
4099  0.694
4100  0.6941
4101  0.6942
4102  0.6942
4103  0.6943
4104  0.6944
4105  0.6945
4106  0.6945
4107  0.6946
4108  0.6947
4109  0.6948
4110  0.6948
4111  0.6949
4112  0.695
4113  0.6951
4114  0.6951
4115  0.6952
4116  0.6953
4117  0.6954
4118  0.6955
4119  0.6955
4120  0.6956
4121  0.6957
4122  0.6958
4123  0.6958
4124  0.6959
4125  0.696
4126  0.6961
4127  0.6961
4128  0.6962
4129  0.6963
4130  0.6964
4131  0.6964
4132  0.6965
4133  0.6966
4134  0.6967
4135  0.6967
4136  0.6968
4137  0.6969
4138  0.697
4139  0.697
4140  0.6971
4141  0.6972
4142  0.6973
4143  0.6973
4144  0.6974
4145  0.6975
4146  0.6976
4147  0.6976
4148  0.6977
4149  0.6978
4150  0.6979
4151  0.6979
4152  0.698
4153  0.6981
4154  0.6982
4155  0.6982
4156  0.6983
4157  0.6984
4158  0.6985
4159  0.6985
4160  0.6986
4161  0.6987
4162  0.6988
4163  0.6988
4164  0.6989
4165  0.699
4166  0.6991
4167  0.6991
4168  0.6992
4169  0.6993
4170  0.6993
4171  0.6994
4172  0.6995
4173  0.6996
4174  0.6996
4175  0.6997
4176  0.6998
4177  0.6999
4178  0.6999
4179  0.7
4180  0.7001
4181  0.7002
4182  0.7002
4183  0.7003
4184  0.7004
4185  0.7005
4186  0.7005
4187  0.7006
4188  0.7007
4189  0.7008
4190  0.7008
4191  0.7009
4192  0.701
4193  0.701
4194  0.7011
4195  0.7012
4196  0.7013
4197  0.7013
4198  0.7014
4199  0.7015
4200  0.7016
4201  0.7016
4202  0.7017
4203  0.7018
4204  0.7018
4205  0.7019
4206  0.702
4207  0.7021
4208  0.7021
4209  0.7022
4210  0.7023
4211  0.7024
4212  0.7024
4213  0.7025
4214  0.7026
4215  0.7027
4216  0.7027
4217  0.7028
4218  0.7029
4219  0.7029
4220  0.703
4221  0.7031
4222  0.7032
4223  0.7032
4224  0.7033
4225  0.7034
4226  0.7034
4227  0.7035
4228  0.7036
4229  0.7037
4230  0.7037
4231  0.7038
4232  0.7039
4233  0.704
4234  0.704
4235  0.7041
4236  0.7042
4237  0.7042
4238  0.7043
4239  0.7044
4240  0.7045
4241  0.7045
4242  0.7046
4243  0.7047
4244  0.7047
4245  0.7048
4246  0.7049
4247  0.705
4248  0.705
4249  0.7051
4250  0.7052
4251  0.7052
4252  0.7053
4253  0.7054
4254  0.7055
4255  0.7055
4256  0.7056
4257  0.7057
4258  0.7057
4259  0.7058
4260  0.7059
4261  0.706
4262  0.706
4263  0.7061
4264  0.7062
4265  0.7062
4266  0.7063
4267  0.7064
4268  0.7065
4269  0.7065
4270  0.7066
4271  0.7067
4272  0.7067
4273  0.7068
4274  0.7069
4275  0.707
4276  0.707
4277  0.7071
4278  0.7072
4279  0.7072
4280  0.7073
4281  0.7074
4282  0.7074
4283  0.7075
4284  0.7076
4285  0.7077
4286  0.7077
4287  0.7078
4288  0.7079
4289  0.7079
4290  0.708
4291  0.7081
4292  0.7082
4293  0.7082
4294  0.7083
4295  0.7084
4296  0.7084
4297  0.7085
4298  0.7086
4299  0.7086
4300  0.7087
4301  0.7088
4302  0.7089
4303  0.7089
4304  0.709
4305  0.7091
4306  0.7091
4307  0.7092
4308  0.7093
4309  0.7093
4310  0.7094
4311  0.7095
4312  0.7096
4313  0.7096
4314  0.7097
4315  0.7098
4316  0.7098
4317  0.7099
4318  0.71
4319  0.71
4320  0.7101
4321  0.7102
4322  0.7102
4323  0.7103
4324  0.7104
4325  0.7105
4326  0.7105
4327  0.7106
4328  0.7107
4329  0.7107
4330  0.7108
4331  0.7109
4332  0.7109
4333  0.711
4334  0.7111
4335  0.7111
4336  0.7112
4337  0.7113
4338  0.7114
4339  0.7114
4340  0.7115
4341  0.7116
4342  0.7116
4343  0.7117
4344  0.7118
4345  0.7118
4346  0.7119
4347  0.712
4348  0.712
4349  0.7121
4350  0.7122
4351  0.7122
4352  0.7123
4353  0.7124
4354  0.7125
4355  0.7125
4356  0.7126
4357  0.7127
4358  0.7127
4359  0.7128
4360  0.7129
4361  0.7129
4362  0.713
4363  0.7131
4364  0.7131
4365  0.7132
4366  0.7133
4367  0.7133
4368  0.7134
4369  0.7135
4370  0.7135
4371  0.7136
4372  0.7137
4373  0.7137
4374  0.7138
4375  0.7139
4376  0.7139
4377  0.714
4378  0.7141
4379  0.7142
4380  0.7142
4381  0.7143
4382  0.7144
4383  0.7144
4384  0.7145
4385  0.7146
4386  0.7146
4387  0.7147
4388  0.7148
4389  0.7148
4390  0.7149
4391  0.715
4392  0.715
4393  0.7151
4394  0.7152
4395  0.7152
4396  0.7153
4397  0.7154
4398  0.7154
4399  0.7155
4400  0.7156
4401  0.7156
4402  0.7157
4403  0.7158
4404  0.7158
4405  0.7159
4406  0.716
4407  0.716
4408  0.7161
4409  0.7162
4410  0.7162
4411  0.7163
4412  0.7164
4413  0.7164
4414  0.7165
4415  0.7166
4416  0.7166
4417  0.7167
4418  0.7168
4419  0.7168
4420  0.7169
4421  0.717
4422  0.717
4423  0.7171
4424  0.7172
4425  0.7172
4426  0.7173
4427  0.7174
4428  0.7174
4429  0.7175
4430  0.7176
4431  0.7176
4432  0.7177
4433  0.7178
4434  0.7178
4435  0.7179
4436  0.718
4437  0.718
4438  0.7181
4439  0.7182
4440  0.7182
4441  0.7183
4442  0.7184
4443  0.7184
4444  0.7185
4445  0.7186
4446  0.7186
4447  0.7187
4448  0.7188
4449  0.7188
4450  0.7189
4451  0.7189
4452  0.719
4453  0.7191
4454  0.7191
4455  0.7192
4456  0.7193
4457  0.7193
4458  0.7194
4459  0.7195
4460  0.7195
4461  0.7196
4462  0.7197
4463  0.7197
4464  0.7198
4465  0.7199
4466  0.7199
4467  0.72
4468  0.7201
4469  0.7201
4470  0.7202
4471  0.7203
4472  0.7203
4473  0.7204
4474  0.7204
4475  0.7205
4476  0.7206
4477  0.7206
4478  0.7207
4479  0.7208
4480  0.7208
4481  0.7209
4482  0.721
4483  0.721
4484  0.7211
4485  0.7212
4486  0.7212
4487  0.7213
4488  0.7214
4489  0.7214
4490  0.7215
4491  0.7215
4492  0.7216
4493  0.7217
4494  0.7217
4495  0.7218
4496  0.7219
4497  0.7219
4498  0.722
4499  0.7221
4500  0.7221
4501  0.7222
4502  0.7223
4503  0.7223
4504  0.7224
4505  0.7224
4506  0.7225
4507  0.7226
4508  0.7226
4509  0.7227
4510  0.7228
4511  0.7228
4512  0.7229
4513  0.723
4514  0.723
4515  0.7231
4516  0.7232
4517  0.7232
4518  0.7233
4519  0.7233
4520  0.7234
4521  0.7235
4522  0.7235
4523  0.7236
4524  0.7237
4525  0.7237
4526  0.7238
4527  0.7239
4528  0.7239
4529  0.724
4530  0.724
4531  0.7241
4532  0.7242
4533  0.7242
4534  0.7243
4535  0.7244
4536  0.7244
4537  0.7245
4538  0.7245
4539  0.7246
4540  0.7247
4541  0.7247
4542  0.7248
4543  0.7249
4544  0.7249
4545  0.725
4546  0.7251
4547  0.7251
4548  0.7252
4549  0.7252
4550  0.7253
4551  0.7254
4552  0.7254
4553  0.7255
4554  0.7256
4555  0.7256
4556  0.7257
4557  0.7257
4558  0.7258
4559  0.7259
4560  0.7259
4561  0.726
4562  0.7261
4563  0.7261
4564  0.7262
4565  0.7262
4566  0.7263
4567  0.7264
4568  0.7264
4569  0.7265
4570  0.7266
4571  0.7266
4572  0.7267
4573  0.7267
4574  0.7268
4575  0.7269
4576  0.7269
4577  0.727
4578  0.7271
4579  0.7271
4580  0.7272
4581  0.7272
4582  0.7273
4583  0.7274
4584  0.7274
4585  0.7275
4586  0.7275
4587  0.7276
4588  0.7277
4589  0.7277
4590  0.7278
4591  0.7279
4592  0.7279
4593  0.728
4594  0.728
4595  0.7281
4596  0.7282
4597  0.7282
4598  0.7283
4599  0.7284
4600  0.7284
4601  0.7285
4602  0.7285
4603  0.7286
4604  0.7287
4605  0.7287
4606  0.7288
4607  0.7288
4608  0.7289
4609  0.729
4610  0.729
4611  0.7291
4612  0.7291
4613  0.7292
4614  0.7293
4615  0.7293
4616  0.7294
4617  0.7295
4618  0.7295
4619  0.7296
4620  0.7296
4621  0.7297
4622  0.7298
4623  0.7298
4624  0.7299
4625  0.7299
4626  0.73
4627  0.7301
4628  0.7301
4629  0.7302
4630  0.7302
4631  0.7303
4632  0.7304
4633  0.7304
4634  0.7305
4635  0.7305
4636  0.7306
4637  0.7307
4638  0.7307
4639  0.7308
4640  0.7309
4641  0.7309
4642  0.731
4643  0.731
4644  0.7311
4645  0.7312
4646  0.7312
4647  0.7313
4648  0.7313
4649  0.7314
4650  0.7315
4651  0.7315
4652  0.7316
4653  0.7316
4654  0.7317
4655  0.7318
4656  0.7318
4657  0.7319
4658  0.7319
4659  0.732
4660  0.7321
4661  0.7321
4662  0.7322
4663  0.7322
4664  0.7323
4665  0.7324
4666  0.7324
4667  0.7325
4668  0.7325
4669  0.7326
4670  0.7327
4671  0.7327
4672  0.7328
4673  0.7328
4674  0.7329
4675  0.733
4676  0.733
4677  0.7331
4678  0.7331
4679  0.7332
4680  0.7332
4681  0.7333
4682  0.7334
4683  0.7334
4684  0.7335
4685  0.7335
4686  0.7336
4687  0.7337
4688  0.7337
4689  0.7338
4690  0.7338
4691  0.7339
4692  0.734
4693  0.734
4694  0.7341
4695  0.7341
4696  0.7342
4697  0.7343
4698  0.7343
4699  0.7344
4700  0.7344
4701  0.7345
4702  0.7345
4703  0.7346
4704  0.7347
4705  0.7347
4706  0.7348
4707  0.7348
4708  0.7349
4709  0.735
4710  0.735
4711  0.7351
4712  0.7351
4713  0.7352
4714  0.7353
4715  0.7353
4716  0.7354
4717  0.7354
4718  0.7355
4719  0.7355
4720  0.7356
4721  0.7357
4722  0.7357
4723  0.7358
4724  0.7358
4725  0.7359
4726  0.736
4727  0.736
4728  0.7361
4729  0.7361
4730  0.7362
4731  0.7362
4732  0.7363
4733  0.7364
4734  0.7364
4735  0.7365
4736  0.7365
4737  0.7366
4738  0.7367
4739  0.7367
4740  0.7368
4741  0.7368
4742  0.7369
4743  0.7369
4744  0.737
4745  0.7371
4746  0.7371
4747  0.7372
4748  0.7372
4749  0.7373
4750  0.7373
4751  0.7374
4752  0.7375
4753  0.7375
4754  0.7376
4755  0.7376
4756  0.7377
4757  0.7377
4758  0.7378
4759  0.7379
4760  0.7379
4761  0.738
4762  0.738
4763  0.7381
4764  0.7382
4765  0.7382
4766  0.7383
4767  0.7383
4768  0.7384
4769  0.7384
4770  0.7385
4771  0.7386
4772  0.7386
4773  0.7387
4774  0.7387
4775  0.7388
4776  0.7388
4777  0.7389
4778  0.739
4779  0.739
4780  0.7391
4781  0.7391
4782  0.7392
4783  0.7392
4784  0.7393
4785  0.7393
4786  0.7394
4787  0.7395
4788  0.7395
4789  0.7396
4790  0.7396
4791  0.7397
4792  0.7397
4793  0.7398
4794  0.7399
4795  0.7399
4796  0.74
4797  0.74
4798  0.7401
4799  0.7401
4800  0.7402
4801  0.7403
4802  0.7403
4803  0.7404
4804  0.7404
4805  0.7405
4806  0.7405
4807  0.7406
4808  0.7406
4809  0.7407
4810  0.7408
4811  0.7408
4812  0.7409
4813  0.7409
4814  0.741
4815  0.741
4816  0.7411
4817  0.7412
4818  0.7412
4819  0.7413
4820  0.7413
4821  0.7414
4822  0.7414
4823  0.7415
4824  0.7415
4825  0.7416
4826  0.7417
4827  0.7417
4828  0.7418
4829  0.7418
4830  0.7419
4831  0.7419
4832  0.742
4833  0.742
4834  0.7421
4835  0.7422
4836  0.7422
4837  0.7423
4838  0.7423
4839  0.7424
4840  0.7424
4841  0.7425
4842  0.7425
4843  0.7426
4844  0.7427
4845  0.7427
4846  0.7428
4847  0.7428
4848  0.7429
4849  0.7429
4850  0.743
4851  0.743
4852  0.7431
4853  0.7432
4854  0.7432
4855  0.7433
4856  0.7433
4857  0.7434
4858  0.7434
4859  0.7435
4860  0.7435
4861  0.7436
4862  0.7437
4863  0.7437
4864  0.7438
4865  0.7438
4866  0.7439
4867  0.7439
4868  0.744
4869  0.744
4870  0.7441
4871  0.7441
4872  0.7442
4873  0.7443
4874  0.7443
4875  0.7444
4876  0.7444
4877  0.7445
4878  0.7445
4879  0.7446
4880  0.7446
4881  0.7447
4882  0.7447
4883  0.7448
4884  0.7449
4885  0.7449
4886  0.745
4887  0.745
4888  0.7451
4889  0.7451
4890  0.7452
4891  0.7452
4892  0.7453
4893  0.7453
4894  0.7454
4895  0.7455
4896  0.7455
4897  0.7456
4898  0.7456
4899  0.7457
4900  0.7457
4901  0.7458
4902  0.7458
4903  0.7459
4904  0.7459
4905  0.746
4906  0.746
4907  0.7461
4908  0.7462
4909  0.7462
4910  0.7463
4911  0.7463
4912  0.7464
4913  0.7464
4914  0.7465
4915  0.7465
4916  0.7466
4917  0.7466
4918  0.7467
4919  0.7467
4920  0.7468
4921  0.7469
4922  0.7469
4923  0.747
4924  0.747
4925  0.7471
4926  0.7471
4927  0.7472
4928  0.7472
4929  0.7473
4930  0.7473
4931  0.7474
4932  0.7474
4933  0.7475
4934  0.7475
4935  0.7476
4936  0.7477
4937  0.7477
4938  0.7478
4939  0.7478
4940  0.7479
4941  0.7479
4942  0.748
4943  0.748
4944  0.7481
4945  0.7481
4946  0.7482
4947  0.7482
4948  0.7483
4949  0.7483
4950  0.7484
4951  0.7485
4952  0.7485
4953  0.7486
4954  0.7486
4955  0.7487
4956  0.7487
4957  0.7488
4958  0.7488
4959  0.7489
4960  0.7489
4961  0.749
4962  0.749
4963  0.7491
4964  0.7491
4965  0.7492
4966  0.7492
4967  0.7493
4968  0.7493
4969  0.7494
4970  0.7495
4971  0.7495
4972  0.7496
4973  0.7496
4974  0.7497
4975  0.7497
4976  0.7498
4977  0.7498
4978  0.7499
4979  0.7499
4980  0.75
4981  0.75
4982  0.7501
4983  0.7501
4984  0.7502
4985  0.7502
4986  0.7503
4987  0.7503
4988  0.7504
4989  0.7504
4990  0.7505
4991  0.7506
4992  0.7506
4993  0.7507
4994  0.7507
4995  0.7508
4996  0.7508
4997  0.7509
4998  0.7509
4999  0.751
5000  0.751
